$n
[1] 150

$cluster.number
[1] 5

$cluster.size
[1] 50 40 24 27  9

$min.cluster.size
[1] 9

$noisen
[1] 0

$diameter
[1] 2.715695 1.857418 1.820027 1.537043 1.553222

$average.distance
[1] 0.7805241 0.8903892 0.8269757 0.7670223 0.9539963

$median.distance
[1] 0.6892024 0.8732125 0.7458099 0.7416198 1.0184110

$separation
[1] 1.8337121 0.3354102 0.3354102 0.3535534 0.4873397

$average.toother
[1] 4.539680 2.851899 2.586314 3.289402 4.103281

$separation.matrix
         [,1]      [,2]      [,3]      [,4]      [,5]
[1,] 0.000000 3.1184932 1.8337121 4.2558783 5.6800088
[2,] 3.118493 0.0000000 0.3354102 0.3535534 1.5572412
[3,] 1.833712 0.3354102 0.0000000 1.3964240 2.8416544
[4,] 4.255878 0.3535534 1.3964240 0.0000000 0.4873397
[5,] 5.680009 1.5572412 2.8416544 0.4873397 0.0000000

$ave.between.matrix
         [,1]     [,2]     [,3]     [,4]     [,5]
[1,] 0.000000 4.288459 3.198124 5.399491 6.654270
[2,] 4.288459 0.000000 1.510749 1.438838 2.686591
[3,] 3.198124 1.510749 0.000000 2.599013 3.929562
[4,] 5.399491 1.438838 2.599013 0.000000 1.632448
[5,] 6.654270 2.686591 3.929562 1.632448 0.000000

$average.between
[1] 3.479425

$average.within
[1] 0.8252317

$n.between
[1] 8507

$n.within
[1] 2668

$max.diameter
[1] 2.715695

$min.separation
[1] 0.3354102

$within.cluster.ss
[1] 59.03111

$clus.avg.silwidths
        1         2         3         4         5 
0.7568352 0.2733844 0.4333470 0.3797101 0.3941571 

$avg.silwidth
[1] 0.4865137

$g2
NULL

$g3
NULL

$pearsongamma
[1] 0.6213157

$dunn
[1] 0.123508

$dunn2
[1] 1.508222

$entropy
[1] 1.489354

$wb.ratio
[1] 0.2371747

$ch
[1] 486.3533

$cwidegap
[1] 0.6982120 0.6224950 0.8514693 0.6224950 0.9151503

$widestgap
[1] 0.9151503

$sindex
[1] 0.3784673

$corrected.rand
NULL

$vi
NULL